83
55
53
31
28
80
93
36
57
94
73
82
23
52
55
7
25
53
81
53
32
81
85
33
21
42
84
28
41
60
14
22
66
30
8
67
94
65
44
31
83
60
38
93
58
41
97
53
2
62
36
20
30
55
94
89
7
17
17
69
99
13
35
23
34
59
0
38
67
5
85
60
5
4
53
82
20
35
37
42
83
36
14
89
39
23
71
93
53
12
67
82
99
41
76
1
24
78
86
37
99
54
95
56
49
31
31
99
46
69
49
70
51
72
68
39
82
9
48
97
21
32
57
29
84
31
35
44
1
2
49
8
37
90
91
66
65
72
18
37
80
93
3
18
20
20
69
59
93
65
33
6
77
8
7
78
74
61
30
17
59
43
89
39
18
58
37
26
3
60
40
15
89
5
40
68
97
64
49
21
76
34
37
42
91
40
2
18
51
53
54
87
67
25
58
93
41
59
49
84
89
6
97
66
81
87
96
30
14
34
64
24
12
46
9
27
5
61
1
93
4
12
62
50
50
61
92
62
6
11
98
65
37
35
99
78
29
37
82
7
7
93
67
61
69
92
81
0
89
14
92
7
40
2
20
38
6
63
96
56
15
43
30
91
17
34
80
66
72
12
80
71
52
6
45
0
58
39
77
73
81
16
75
11
92
12
34
87
73
42
17
21
37
39
3
88
7
19
91
92
0
64
36
91
85
27
54
76
23
20
44
14
59
30
7
58
11
12
21
9
17
70
72
89
15
15
66
94
53
95
56
97
42
25
7
5
50
56
31
26
1
4
79
27
90
76
15
96
42
38
41
49
88
88
19
14
99
70
98
67
10
93
92
64
52
3
76
67
83
92
39
54
56
13
34
53
25
55
15
56
40
88
2
86
80
79
24
70
93
38
89
31
49
53
54
55
98
17
17
60
40
31
54
51
19
0
73
99
66
90
68
55
71
21
79
63
59
75
35
5
74
29
65
68
84
80
70
2
87
45
12
0
1
54
32
14
75
73
0
76
20
10
21
84
91
88
5
86
16
5
82
5
69
25
31
71
18
10
49
35
60
62
82
23
50
12
66
31
55
56
82
98
35
82
2
52
81
7
28
67
62
48
51
0
19
64
55
25
15
65
53
20
56
87
19
65
28
41
63
93
95
65
76
73
23
34
87
79
37
64
44
52
67
37
81
46
76
16
40
93
91
99
36
77
12
73
79
18
17
78
23
25
81
75
58
67
55
47
81
33
86
77
92
54
78
27
28
97
63
59
23
46
66
88
6
48
67
61
33
79
50
62
42
71
67
80
28
85
5
64
63
33
96
64
65
14
87
7
5
83
4
54
1
54
3
75
17
67
66
17
58
35
3
90
57
22
81
67
17
40
16
26
49
68
60
34
8
51
29
23
87
0
64
49
63
41
52
40
59
70
60
38
14
77
37
89
63
31
56
83
71
87
48
28
76
65
86
91
54
61
86
54
62
13
23
96
32
61
76
20
39
87
98
48
49
55
70
16
33
78
43
29
28
34
69
63
86
1
93
47
62
96
49
81
11
90
36
98
42
24
43
42
30
16
39
43
22
25
64
10
49
22
99
94
77
33
15
54
94
12
86
98
54
40
6
83
9
19
56
65
79
0
81
71
10
1
84
51
39
69
33
15
49
0
15
60
17
4
98
53
61
17
12
16
72
30
89
13
4
59
74
48
13
27
22
54
69
19
81
23
86
0
10
32
72
75
12
0
30
47
38
29
85
17
12
8
66
44
82
41
8
67
71
78
33
24
95
47
11
38
57
49
68
35
0
68
71
12
74
54
34
91
75
41
9
20
9
32
80
60
57
54
74
6
2
9
86
35
6
31
2
30
76
43
12
53
37
11
33
11
12
30
6
63
22
37
97
94
12
30
88
85
98
1
69
94
80
79
5
84
32
53
88
42
67
19
76
66
3
34
6
24
3
3
34
7
1
26
17
26
88
72
8
75
69
45
13
56
40
45
59
60
81
62
4
47
70
79
98
50
40
85
94
22
10
31
1
27
53
3
6
40
50
72
81
54
22
71
34
99
59
39
17
18
85
29
91
32
20
76
75
9
70
74
54
54
37
61
16
67
38
41
27
54
29
95
27
70
93
50
53
25
13
85
10
9
0
98
15
67
38
31
35
8
52
64
49
95
5
16
31
71
24
95
20
34
90
65
50
84
86
98
89
99
72
11
97
67
35
26
86
78
11
18
17
53
65
20
71
38
70
66
82
36
88
90
42
56
41
42
89
6
89
56
30
52
47
33
13
83
